1958.874
1958.9562
1959.0411
1959.126
1959.2027
1959.2877
1959.3699
1959.4548
1959.537
1959.6219
1959.7068
1959.789
1959.874
1959.9562
1960.041
1960.1257
1960.2049
1960.2896
1960.3716
1960.4563
1960.5383
1960.623
1960.7077
1960.7896
1960.8743
1960.9563
1961.0411
1961.126
1961.2027
1961.2877
1961.3699
1961.4548
1961.537
1961.6219
1961.7068
1961.789
1961.874
1961.9562
1962.0411
1962.126
1962.2027
1962.2877
1962.3699
1962.4548
1962.537
1962.6219
1962.7068
1962.789
1962.874
1962.9562
1963.0411
1963.126
1963.2027
1963.2877
1963.3699
1963.4548
1963.537
1963.6219
1963.7068
1963.789
1963.874
1963.9562
1964.5383
1964.623
1964.7077
1964.7896
1964.8743
1964.9563
1965.0411
1965.126
1965.2027
1965.2877
1965.3699
1965.4548
1965.537
1965.6219
1965.7068
1965.789
1965.874
1965.9562
1966.0411
1966.126
1966.2027
1966.2877
1966.3699
1966.4548
1966.537
1966.6219
1966.7068
1966.789
1966.874
1966.9562
1967.0411
1967.126
1967.2027
1967.2877
1967.3699
1967.4548
1967.537
1967.6219
1967.7068
1967.789
1967.874
1967.9562
1968.041
1968.1257
1968.2049
1968.2896
1968.3716
1968.4563
1968.5383
1968.623
1968.7077
1968.7896
1968.8743
1968.9563
1969.0411
1969.126
1969.2027
1969.2877
1969.3699
1969.4548
1969.537
1969.6219
1969.7068
1969.789
1969.874
1969.9562
1970.0411
1970.126
1970.2027
1970.2877
1970.3699
1970.4548
1970.537
1970.6219
1970.7068
1970.789
1970.874
1970.9562
1971.0411
1971.126
1971.2027
1971.2877
1971.3699
1971.4548
1971.537
1971.6219
1971.7068
1971.789
1971.874
1971.9562
1972.041
1972.1257
1972.2049
1972.2896
1972.3716
1972.4563
1972.5383
1972.623
1972.7077
1972.7896
1972.8743
1972.9563
1973.0411
1973.126
1973.2027
1973.2877
1973.3699
1973.4548
1973.537
1973.6219
1973.7068
1973.789
1973.874
1973.9562
1974.0411
1974.126
1974.2027
1974.2877
1974.3699
1974.4548
1974.537
1974.6219
1974.7068
1974.789
1974.874
1974.9562
1975.0411
1975.126
1975.2027
1975.2877
1975.3699
1975.4548
1975.537
1975.6219
1975.7068
1975.789
1975.874
1975.9562
1976.041
1976.1257
1976.2049
1976.2896
1976.3716
1976.4563
1976.5383
1976.623
1976.7077
1976.7896
1976.8743
1976.9563
1977.0411
1977.126
1977.2027
1977.2877
1977.3699
1977.4548
1977.537
1977.6219
1977.7068
1977.789
1977.874
1977.9562
1978.0411
1978.126
1978.2027
1978.2877
1978.3699
1978.4548
1978.537
1978.6219
1978.7068
1978.789
1978.874
1978.9562
1979.0411
1979.126
1979.2027
1979.2877
1979.3699
1979.4548
1979.537
1979.6219
1979.7068
1979.789
1979.874
1979.9562
1980.041
1980.1257
1980.2049
1980.2896
1980.3716
1980.4563
1980.5383
1980.623
1980.7077
1980.7896
1980.8743
1980.9563
1981.0411
1981.126
1981.2027
1981.2877
1981.3699
1981.4548
1981.537
1981.6219
1981.7068
1981.789
1981.874
1981.9562
1982.0411
1982.126
1982.2027
1982.2877
1982.3699
1982.4548
1982.537
1982.6219
1982.7068
1982.789
1982.874
1982.9562
1983.0411
1983.126
1983.2027
1983.2877
1983.3699
1983.4548
1983.537
1983.6219
1983.7068
1983.789
1983.874
1983.9562
1984.041
1984.1257
1984.2049
1984.2896
1984.3716
1984.4563
1984.5383
1984.623
1984.7077
1984.7896
1984.8743
1984.9563
1985.0411
1985.126
1985.2027
1985.2877
1985.3699
1985.4548
1985.537
1985.6219
1985.7068
1985.789
1985.874
1985.9562
1986.0411
1986.126
1986.2027
1986.2877
1986.3699
1986.4548
1986.537
1986.6219
1986.7068
1986.789
1986.874
1986.9562
1987.0411
1987.126
1987.2027
1987.2877
1987.3699
1987.4548
1987.537
1987.6219
1987.7068
1987.789
1987.874
1987.9562
1988.041
1988.1257
1988.2049
1988.2896
1988.3716
1988.4563
1988.5383
1988.623
1988.7077
1988.7896
1988.8743
1988.9563
1989.0411
1989.126
1989.2027
1989.2877
1989.3699
1989.4548
1989.537
1989.6219
1989.7068
1989.789
1989.874
1989.9562
1990.0411
1990.126
1990.2027
1990.2877
1990.3699
1990.4548
1990.537
1990.6219
1990.7068
1990.789
1990.874
1990.9562
1991.0411
1991.126
1991.2027
1991.2877
1991.3699
1991.4548
1991.537
1991.6219
1991.7068
1991.789
1991.874
1991.9562
1992.041
1992.1257
1992.2049
1992.2896
1992.3716
1992.4563
1992.5383
1992.623
1992.7077
1992.7896
1992.8743
1992.9563
1993.0411
1993.126
1993.2027
1993.2877
1993.3699
1993.4548
1993.537
1993.6219
1993.7068
1993.789
1993.874
1993.9562
1994.0411
1994.126
1994.2027
1994.2877
1994.3699
1994.4548
1994.537
1994.6219
1994.7068
1994.789
1994.874
1994.9562
1995.0411
1995.126
1995.2027
1995.2877
1995.3699
1995.4548
1995.537
1995.6219
1995.7068
1995.789
1995.874
1995.9562
1996.041
1996.1257
1996.2049
1996.2896
1996.3716
1996.4563
1996.5383
1996.623
1996.7077
1996.7896
1996.8743
1996.9563
1997.0411
1997.126
1997.2027
1997.2877
1997.3699
1997.4548
1997.537
1997.6219
1997.7068
1997.789
1997.874
1997.9562
1998.0411
1998.126
1998.2027
1998.2877
1998.3699
1998.4548
1998.537
1998.6219
1998.7068
1998.789
1998.874
1998.9562
1999.0411
1999.126
1999.2027
1999.2877
1999.3699
1999.4548
1999.537
1999.6219
1999.7068
1999.789
1999.874
1999.9562
2000.041
2000.1257
2000.2049
2000.2896
2000.3716
2000.4563
2000.5383
2000.623
2000.7077
2000.7896
2000.8743
2000.9563
2001.0411
2001.126
2001.2027
2001.2877
2001.3699
2001.4548
2001.537
2001.6219
2001.7068
2001.789
2001.874
2001.9562
2002.0411
2002.126
2002.2027
2002.2877
2002.3699
2002.4548
2002.537
2002.6219
2002.7068
2002.789
2002.874
2002.9562
2003.0411
2003.126
2003.2027
2003.2877
2003.3699
2003.4548
2003.537
2003.6219
2003.7068
2003.789
2003.874
2003.9562
2004.041
2004.1257
2004.2049
2004.2896
2004.3716
2004.4563
2004.5383
2004.623
2004.7077
2004.7896
2004.8743
2004.9563
2005.0411
2005.126
2005.2027
2005.2877
2005.3699
2005.4548
2005.537
2005.6219
2005.7068
2005.789
2005.874
2005.9562
2006.0411
2006.126
2006.2027
2006.2877
2006.3699
2006.4548
2006.537
2006.6219
2006.7068
2006.789
2006.874
2006.9562
2007.0411
2007.126
2007.2027
2007.2877
2007.3699
2007.4548
2007.537
2007.6219
2007.7068
2007.789
2007.874
2007.9562
2008.041
2008.1257
2008.2049
2008.2896
2008.3716
2008.4563
2008.5383
2008.623
2008.7077
2008.7896
2008.8743
2008.9563
2009.0411
2009.126
2009.2027
2009.2877
2009.3699
2009.4548
2009.537
2009.6219
2009.7068
2009.789
2009.874
2009.9562
2010.0411
2010.126
2010.2027
2010.2877
2010.3699
2010.4548
2010.537
2010.6219
2010.7068
2010.789
2010.874
2010.9562
2011.0411
2011.126
2011.2027
2011.2877
2011.3699
2011.4548
2011.537
2011.6219
2011.7068
2011.789
2011.874
2011.9562
2012.041
2012.1257
2012.2049
2012.2896
2012.3716
2012.4563
2012.5383
2012.623
2012.7077
2012.7896
2012.8743
2012.9563
2013.0411
2013.126
2013.2027
2013.2877
2013.3699
2013.4548
2013.537
2013.6219
2013.7068
2013.789
2013.874
2013.9562
2014.0411
2014.126
2014.2027
2014.2877
2014.3699
2014.4548
2014.537
2014.6219
2014.7068
2014.789
2014.874
2014.9562
2015.0411
2015.126
2015.2027
2015.2877
2015.3699
2015.4548
2015.537
2015.6219
2015.7068
2015.789
2015.874
2015.9562
2016.041
2016.1257
2016.2049
2016.2896
2016.3716
2016.4563
2016.5383
2016.623
2016.7077
2016.7896
2016.8743
2016.9563
2017.0411
2017.126
